-0.000001
-0.000003
-0.000009
-0.000012
+0.000004
+0.000054
+0.000149
+0.000271
+0.000364
+0.000328
+0.000055
-0.000515
-0.001322
-0.002140
-0.002591
-0.002250
-0.000822
+0.001657
+0.004698
+0.007384
+0.008606
+0.007439
+0.003572
-0.002421
-0.009082
-0.014424
-0.016549
-0.014331
-0.007913
+0.001210
+0.010571
+0.017498
+0.019971
+0.017297
+0.010330
+0.001168
-0.007554
-0.013519
-0.015425
-0.013281
-0.008258
-0.002173
+0.003165
+0.006501
+0.007415
+0.006270
+0.003928
+0.001363
-0.000665
-0.001787
-0.002018
-0.001631
-0.000985
-0.000374
+0.000039
+0.000224
+0.000240
+0.000171
+0.000089
+0.000030
+0.000002
-0.000005
-0.000003
-0.000001
