+0.000000
+0.000002
+0.000007
+0.000018
+0.000033
+0.000046
+0.000043
+0.000000
-0.000112
-0.000316
-0.000619
-0.000984
-0.001322
-0.001478
-0.001253
-0.000435
+0.001133
+0.003471
+0.006389
+0.009428
+0.011854
+0.012719
+0.010994
+0.005758
-0.003590
-0.017131
-0.034295
-0.053848
-0.073993
-0.092604
-0.107545
-0.117009
+0.878733
-0.115668
-0.105090
-0.089444
-0.070634
-0.050797
-0.031965
-0.015772
-0.003265
+0.005169
+0.009740
+0.011115
+0.010214
+0.008005
+0.005342
+0.002856
+0.000916
-0.000345
-0.000976
-0.001127
-0.000985
-0.000715
-0.000437
-0.000216
-0.000074
+0.000000
+0.000026
+0.000026
+0.000016
+0.000007
+0.000002
+0.000000
