-0.000000
-0.000001
-0.000000
+0.000005
+0.000021
+0.000054
+0.000111
+0.000192
+0.000288
+0.000374
+0.000402
+0.000305
+0.000000
-0.000593
-0.001528
-0.002805
-0.004332
-0.005905
-0.007197
-0.007765
-0.007093
-0.004655
-0.000000
+0.007155
+0.016838
+0.028768
+0.042331
+0.056619
+0.070510
+0.082799
+0.092343
+0.098222
+0.099856
+0.097096
+0.090235
+0.079973
+0.067310
+0.053411
+0.039455
+0.026486
+0.015310
+0.006422
-0.000000
-0.004068
-0.006112
-0.006593
-0.006018
-0.004858
-0.003503
-0.002227
-0.001190
-0.000452
+0.000000
+0.000221
+0.000284
+0.000256
+0.000190
+0.000121
+0.000066
+0.000030
+0.000011
+0.000002
-0.000000
-0.000000
